<!-- Generated by pkgdown: do not edit by hand -->
<!DOCTYPE html>
<html lang="en">
  <head>
  <meta charset="utf-8">
<meta http-equiv="X-UA-Compatible" content="IE=edge">
<meta name="viewport" content="width=device-width, initial-scale=1.0">

<title>wrapper for correlation calculation — cor_df • toolPhD</title>


<!-- jquery -->
<script src="https://cdnjs.cloudflare.com/ajax/libs/jquery/3.4.1/jquery.min.js" integrity="sha256-CSXorXvZcTkaix6Yvo6HppcZGetbYMGWSFlBw8HfCJo=" crossorigin="anonymous"></script>
<!-- Bootstrap -->

<link rel="stylesheet" href="https://cdnjs.cloudflare.com/ajax/libs/twitter-bootstrap/3.4.1/css/bootstrap.min.css" integrity="sha256-bZLfwXAP04zRMK2BjiO8iu9pf4FbLqX6zitd+tIvLhE=" crossorigin="anonymous" />

<script src="https://cdnjs.cloudflare.com/ajax/libs/twitter-bootstrap/3.4.1/js/bootstrap.min.js" integrity="sha256-nuL8/2cJ5NDSSwnKD8VqreErSWHtnEP9E7AySL+1ev4=" crossorigin="anonymous"></script>

<!-- bootstrap-toc -->
<link rel="stylesheet" href="../bootstrap-toc.css">
<script src="../bootstrap-toc.js"></script>

<!-- Font Awesome icons -->
<link rel="stylesheet" href="https://cdnjs.cloudflare.com/ajax/libs/font-awesome/5.12.1/css/all.min.css" integrity="sha256-mmgLkCYLUQbXn0B1SRqzHar6dCnv9oZFPEC1g1cwlkk=" crossorigin="anonymous" />
<link rel="stylesheet" href="https://cdnjs.cloudflare.com/ajax/libs/font-awesome/5.12.1/css/v4-shims.min.css" integrity="sha256-wZjR52fzng1pJHwx4aV2AO3yyTOXrcDW7jBpJtTwVxw=" crossorigin="anonymous" />

<!-- clipboard.js -->
<script src="https://cdnjs.cloudflare.com/ajax/libs/clipboard.js/2.0.6/clipboard.min.js" integrity="sha256-inc5kl9MA1hkeYUt+EC3BhlIgyp/2jDIyBLS6k3UxPI=" crossorigin="anonymous"></script>

<!-- headroom.js -->
<script src="https://cdnjs.cloudflare.com/ajax/libs/headroom/0.11.0/headroom.min.js" integrity="sha256-AsUX4SJE1+yuDu5+mAVzJbuYNPHj/WroHuZ8Ir/CkE0=" crossorigin="anonymous"></script>
<script src="https://cdnjs.cloudflare.com/ajax/libs/headroom/0.11.0/jQuery.headroom.min.js" integrity="sha256-ZX/yNShbjqsohH1k95liqY9Gd8uOiE1S4vZc+9KQ1K4=" crossorigin="anonymous"></script>

<!-- pkgdown -->
<link href="../pkgdown.css" rel="stylesheet">
<script src="../pkgdown.js"></script>




<meta property="og:title" content="wrapper for correlation calculation — cor_df" />
<meta property="og:description" content="cor_df calculate correlation matrix/stripe for each complete pairs." />




<!-- mathjax -->
<script src="https://cdnjs.cloudflare.com/ajax/libs/mathjax/2.7.5/MathJax.js" integrity="sha256-nvJJv9wWKEm88qvoQl9ekL2J+k/RWIsaSScxxlsrv8k=" crossorigin="anonymous"></script>
<script src="https://cdnjs.cloudflare.com/ajax/libs/mathjax/2.7.5/config/TeX-AMS-MML_HTMLorMML.js" integrity="sha256-84DKXVJXs0/F8OTMzX4UR909+jtl4G7SPypPavF+GfA=" crossorigin="anonymous"></script>

<!--[if lt IE 9]>
<script src="https://oss.maxcdn.com/html5shiv/3.7.3/html5shiv.min.js"></script>
<script src="https://oss.maxcdn.com/respond/1.4.2/respond.min.js"></script>
<![endif]-->



  </head>

  <body data-spy="scroll" data-target="#toc">
    <div class="container template-reference-topic">
      <header>
      <div class="navbar navbar-default navbar-fixed-top" role="navigation">
  <div class="container">
    <div class="navbar-header">
      <button type="button" class="navbar-toggle collapsed" data-toggle="collapse" data-target="#navbar" aria-expanded="false">
        <span class="sr-only">Toggle navigation</span>
        <span class="icon-bar"></span>
        <span class="icon-bar"></span>
        <span class="icon-bar"></span>
      </button>
      <span class="navbar-brand">
        <a class="navbar-link" href="../index.html">toolPhD</a>
        <span class="version label label-default" data-toggle="tooltip" data-placement="bottom" title="Released version">0.1.0</span>
      </span>
    </div>

    <div id="navbar" class="navbar-collapse collapse">
      <ul class="nav navbar-nav">
        <li>
  <a href="../index.html">
    <span class="fas fa-home fa-lg"></span>
     
  </a>
</li>
<li>
  <a href="../articles/toolPhD.html">Get started</a>
</li>
<li>
  <a href="../reference/index.html">Reference</a>
</li>
      </ul>
      <ul class="nav navbar-nav navbar-right">
        <li>
  <a href="https://github.com/Illustratien/toolPhD/">
    <span class="fab fa-github fa-lg"></span>
     
  </a>
</li>
      </ul>
      
    </div><!--/.nav-collapse -->
  </div><!--/.container -->
</div><!--/.navbar -->

      

      </header>

<div class="row">
  <div class="col-md-9 contents">
    <div class="page-header">
    <h1>wrapper for correlation calculation</h1>
    <small class="dont-index">Source: <a href='https://github.com/Illustratien/toolPhD/blob/master/R/cor_df.R'><code>R/cor_df.R</code></a></small>
    <div class="hidden name"><code>cor_df.Rd</code></div>
    </div>

    <div class="ref-description">
    <p><code>cor_df</code> calculate correlation matrix/stripe for each complete pairs.</p>
    </div>

    <pre class="usage"><span class='fu'>cor_df</span><span class='op'>(</span><span class='va'>dat</span>, tar <span class='op'>=</span> <span class='cn'>NULL</span>, method <span class='op'>=</span> <span class='st'>"pearson"</span><span class='op'>)</span></pre>

    <h2 class="hasAnchor" id="arguments"><a class="anchor" href="#arguments"></a>Arguments</h2>
    <table class="ref-arguments">
    <colgroup><col class="name" /><col class="desc" /></colgroup>
    <tr>
      <th>dat</th>
      <td><p>a dataframe, include *only* numeric columns for correlation</p></td>
    </tr>
    <tr>
      <th>tar</th>
      <td><p>a dataframe, include *only* numeric columns for correlation</p></td>
    </tr>
    <tr>
      <th>metohd</th>
      <td><p>default is NULL</p></td>
    </tr>
    </table>

    <h2 class="hasAnchor" id="value"><a class="anchor" href="#value"></a>Value</h2>

    <p>a list of three elements: 1. `r.mat`r matrix, 2.`p.mat` p-value matrix</p>
    <h2 class="hasAnchor" id="author"><a class="anchor" href="#author"></a>Author</h2>

    <p>Tien-Cheng Wang</p>

    <h2 class="hasAnchor" id="examples"><a class="anchor" href="#examples"></a>Examples</h2>
    <pre class="examples"><div class='input'><span class='co'># numeric dataframe</span>
<span class='fu'>cor_df</span><span class='op'>(</span><span class='va'>mtcars</span><span class='op'>)</span>
</div><div class='output co'>#&gt; <span class='message'>using pearson correlation of coefficient</span></div><div class='output co'>#&gt; [[1]]
#&gt;             mpg        cyl       disp         hp        drat         wt
#&gt; mpg   1.0000000 -0.8521620 -0.8475514 -0.7761684  0.68117191 -0.8676594
#&gt; cyl  -0.8521620  1.0000000  0.9020329  0.8324475 -0.69993811  0.7824958
#&gt; disp -0.8475514  0.9020329  1.0000000  0.7909486 -0.71021393  0.8879799
#&gt; hp   -0.7761684  0.8324475  0.7909486  1.0000000 -0.44875912  0.6587479
#&gt; drat  0.6811719 -0.6999381 -0.7102139 -0.4487591  1.00000000 -0.7124406
#&gt; wt   -0.8676594  0.7824958  0.8879799  0.6587479 -0.71244065  1.0000000
#&gt; qsec  0.4186840 -0.5912421 -0.4336979 -0.7082234  0.09120476 -0.1747159
#&gt; vs    0.6640389 -0.8108118 -0.7104159 -0.7230967  0.44027846 -0.5549157
#&gt; am    0.5998324 -0.5226070 -0.5912270 -0.2432043  0.71271113 -0.6924953
#&gt; gear  0.4802848 -0.4926866 -0.5555692 -0.1257043  0.69961013 -0.5832870
#&gt; carb -0.5509251  0.5269883  0.3949769  0.7498125 -0.09078980  0.4276059
#&gt;             qsec         vs          am       gear        carb
#&gt; mpg   0.41868403  0.6640389  0.59983243  0.4802848 -0.55092507
#&gt; cyl  -0.59124207 -0.8108118 -0.52260705 -0.4926866  0.52698829
#&gt; disp -0.43369788 -0.7104159 -0.59122704 -0.5555692  0.39497686
#&gt; hp   -0.70822339 -0.7230967 -0.24320426 -0.1257043  0.74981247
#&gt; drat  0.09120476  0.4402785  0.71271113  0.6996101 -0.09078980
#&gt; wt   -0.17471588 -0.5549157 -0.69249526 -0.5832870  0.42760594
#&gt; qsec  1.00000000  0.7445354 -0.22986086 -0.2126822 -0.65624923
#&gt; vs    0.74453544  1.0000000  0.16834512  0.2060233 -0.56960714
#&gt; am   -0.22986086  0.1683451  1.00000000  0.7940588  0.05753435
#&gt; gear -0.21268223  0.2060233  0.79405876  1.0000000  0.27407284
#&gt; carb -0.65624923 -0.5696071  0.05753435  0.2740728  1.00000000
#&gt; 
#&gt; [[2]]
#&gt;               mpg          cyl         disp           hp         drat
#&gt; mpg  0.000000e+00 6.112687e-10 9.380327e-10 1.787835e-07 1.776240e-05
#&gt; cyl  6.112687e-10 0.000000e+00 1.802838e-12 3.477861e-09 8.244636e-06
#&gt; disp 9.380327e-10 1.802838e-12 0.000000e+00 7.142679e-08 5.282022e-06
#&gt; hp   1.787835e-07 3.477861e-09 7.142679e-08 0.000000e+00 9.988772e-03
#&gt; drat 1.776240e-05 8.244636e-06 5.282022e-06 9.988772e-03 0.000000e+00
#&gt; wt   1.293959e-10 1.217567e-07 1.222320e-11 4.145827e-05 4.784260e-06
#&gt; qsec 1.708199e-02 3.660533e-04 1.314404e-02 5.766253e-06 6.195826e-01
#&gt; vs   3.415937e-05 1.843018e-08 5.235012e-06 2.940896e-06 1.167553e-02
#&gt; am   2.850207e-04 2.151207e-03 3.662114e-04 1.798309e-01 4.726790e-06
#&gt; gear 5.400948e-03 4.173297e-03 9.635921e-04 4.930119e-01 8.360110e-06
#&gt; carb 1.084446e-03 1.942340e-03 2.526789e-02 7.827810e-07 6.211834e-01
#&gt;                wt         qsec           vs           am         gear
#&gt; mpg  1.293959e-10 1.708199e-02 3.415937e-05 2.850207e-04 5.400948e-03
#&gt; cyl  1.217567e-07 3.660533e-04 1.843018e-08 2.151207e-03 4.173297e-03
#&gt; disp 1.222320e-11 1.314404e-02 5.235012e-06 3.662114e-04 9.635921e-04
#&gt; hp   4.145827e-05 5.766253e-06 2.940896e-06 1.798309e-01 4.930119e-01
#&gt; drat 4.784260e-06 6.195826e-01 1.167553e-02 4.726790e-06 8.360110e-06
#&gt; wt   0.000000e+00 3.388683e-01 9.798492e-04 1.125440e-05 4.586601e-04
#&gt; qsec 3.388683e-01 0.000000e+00 1.029669e-06 2.056621e-01 2.425344e-01
#&gt; vs   9.798492e-04 1.029669e-06 0.000000e+00 3.570439e-01 2.579439e-01
#&gt; am   1.125440e-05 2.056621e-01 3.570439e-01 0.000000e+00 5.834043e-08
#&gt; gear 4.586601e-04 2.425344e-01 2.579439e-01 5.834043e-08 0.000000e+00
#&gt; carb 1.463861e-02 4.536949e-05 6.670496e-04 7.544526e-01 1.290291e-01
#&gt;              carb
#&gt; mpg  1.084446e-03
#&gt; cyl  1.942340e-03
#&gt; disp 2.526789e-02
#&gt; hp   7.827810e-07
#&gt; drat 6.211834e-01
#&gt; wt   1.463861e-02
#&gt; qsec 4.536949e-05
#&gt; vs   6.670496e-04
#&gt; am   7.544526e-01
#&gt; gear 1.290291e-01
#&gt; carb 0.000000e+00
#&gt; </div><div class='input'><span class='fu'>cor_df</span><span class='op'>(</span><span class='va'>mtcars</span>,<span class='st'>"cyl"</span><span class='op'>)</span>
</div><div class='output co'>#&gt; <span class='error'>Error: 'signif' is not an exported object from 'namespace:toolPhD'</span></div><div class='input'>
<span class='co'># dataframe contains character</span>
<span class='fu'>cor_df</span><span class='op'>(</span><span class='va'>iris</span><span class='op'>)</span>
</div><div class='output co'>#&gt; <span class='error'>Error in cor_df(iris): data contains factor columns</span></div><div class='input'><span class='fu'>cor_df</span><span class='op'>(</span><span class='va'>iris</span><span class='op'>[</span>,<span class='op'>-</span><span class='fl'>5</span><span class='op'>]</span><span class='op'>)</span>
</div><div class='output co'>#&gt; <span class='message'>using pearson correlation of coefficient</span></div><div class='output co'>#&gt; [[1]]
#&gt;              Sepal.Length Sepal.Width Petal.Length Petal.Width
#&gt; Sepal.Length    1.0000000  -0.1175698    0.8717538   0.8179411
#&gt; Sepal.Width    -0.1175698   1.0000000   -0.4284401  -0.3661259
#&gt; Petal.Length    0.8717538  -0.4284401    1.0000000   0.9628654
#&gt; Petal.Width     0.8179411  -0.3661259    0.9628654   1.0000000
#&gt; 
#&gt; [[2]]
#&gt;              Sepal.Length  Sepal.Width Petal.Length  Petal.Width
#&gt; Sepal.Length 0.000000e+00 1.518983e-01 1.038667e-47 2.325498e-37
#&gt; Sepal.Width  1.518983e-01 0.000000e+00 4.513314e-08 4.073229e-06
#&gt; Petal.Length 1.038667e-47 4.513314e-08 0.000000e+00 4.675004e-86
#&gt; Petal.Width  2.325498e-37 4.073229e-06 4.675004e-86 0.000000e+00
#&gt; </div><div class='input'><span class='fu'>cor_df</span><span class='op'>(</span><span class='va'>iris</span><span class='op'>[</span>,<span class='op'>-</span><span class='fl'>5</span><span class='op'>]</span>, method<span class='op'>=</span><span class='st'>'sma'</span><span class='op'>)</span>
</div><div class='output co'>#&gt; <span class='message'>using sma correlation of coefficient</span></div><div class='output co'>#&gt; [[1]]
#&gt;              Sepal.Length Sepal.Width Petal.Length Petal.Width
#&gt; Sepal.Length    1.0000000  -0.1175698    0.8717538   0.8179411
#&gt; Sepal.Width    -0.1175698   1.0000000   -0.4284401  -0.3661259
#&gt; Petal.Length    0.8717538  -0.4284401    1.0000000   0.9628654
#&gt; Petal.Width     0.8179411  -0.3661259    0.9628654   1.0000000
#&gt; 
#&gt; [[2]]
#&gt;              Sepal.Length  Sepal.Width Petal.Length  Petal.Width
#&gt; Sepal.Length 0.000000e+00 1.518983e-01 1.038667e-47 2.325498e-37
#&gt; Sepal.Width  1.518983e-01 0.000000e+00 4.513314e-08 4.073229e-06
#&gt; Petal.Length 1.038667e-47 4.513314e-08 0.000000e+00 4.675004e-86
#&gt; Petal.Width  2.325498e-37 4.073229e-06 4.675004e-86 0.000000e+00
#&gt; </div><div class='input'><span class='fu'>cor_df</span><span class='op'>(</span><span class='va'>iris</span><span class='op'>[</span>,<span class='op'>-</span><span class='fl'>5</span><span class='op'>]</span>,<span class='st'>'Sepal.Length'</span> ,method<span class='op'>=</span><span class='st'>'sma'</span><span class='op'>)</span>
</div><div class='output co'>#&gt; <span class='error'>Error: 'signif' is not an exported object from 'namespace:toolPhD'</span></div><div class='input'>
</div></pre>
  </div>
  <div class="col-md-3 hidden-xs hidden-sm" id="pkgdown-sidebar">
    <nav id="toc" data-toggle="toc" class="sticky-top">
      <h2 data-toc-skip>Contents</h2>
    </nav>
  </div>
</div>


      <footer>
      <div class="copyright">
  <p>Developed by Tien-Cheng Wang.</p>
</div>

<div class="pkgdown">
  <p>Site built with <a href="https://pkgdown.r-lib.org/">pkgdown</a> 1.6.1.</p>
</div>

      </footer>
   </div>

  


  </body>
</html>


